image_width: 160
image_height: 120
camera_name: head_camera
camera_matrix:
  rows: 3
  cols: 3
  data: [137.1537247013963, 0, 80.90221977228477, 0, 137.5249257523606, 61.30263893509622, 0, 0, 1]
distortion_model: plumb_bob
distortion_coefficients:
  rows: 1
  cols: 5
  data: [0.01421736367341361, -0.09072322427620164, 0.000510191500598273, 0.006815831144153473, 0]
rectification_matrix:
  rows: 3
  cols: 3
  data: [1, 0, 0, 0, 1, 0, 0, 0, 1]
projection_matrix:
  rows: 3
  cols: 4
  data: [135.4067077636719, 0, 81.42127223443276, 0, 0, 136.5199127197266, 60.85491852562654, 0, 0, 0, 1, 0]