image_width: 160
image_height: 120
camera_name: head_camera
camera_matrix:
  rows: 3
  cols: 3
  data: [147.2687916679658, 0, 80.03740211584861, 0, 132.8733729709423, 61.49978409634101, 0, 0, 1]
distortion_model: plumb_bob
distortion_coefficients:
  rows: 1
  cols: 5
  data: [-0.04221108846807244, 0.1247107275782915, 0.00191350919515392, 0.01187653851486771, 0]
rectification_matrix:
  rows: 3
  cols: 3
  data: [1, 0, 0, 0, 1, 0, 0, 0, 1]
projection_matrix:
  rows: 3
  cols: 4
  data: [147.6944427490234, 0, 81.27023071470285, 0, 0, 134.4492797851562, 61.15525905884715, 0, 0, 0, 1, 0]